353
890
700
931
62
491
87
384
373
611
422
207
715
767
917
86
147
349
226
271
498
125
34
387
216
778
771
640
521
52
129
255
999
714
387
602
241
720
844
358
539
815
102
633
346
478
535
832
335
746
677
63
51
594
182
194
814
603
817
98
528
820
768
524
260
370
228
511
951
940
556
269
405
692
845
168
330
835
790
351
24
430
206
87
880
65
267
992
183
166
968
609
759
136
1
957
723
164
640
22
577
496
294
129
61
282
61
270
285
5
612
656
479
224
939
822
683
488
264
639
43
362
959
686
381
746
1
408
848
70
971
964
140
889
678
904
850
428
986
313
461
634
6
54
851
841
5
237
181
707
13
761
348
285
327
712
329
154
41
400
68
866
642
10
297
996
898
13
601
109
39
775
750
534
953
954
390
615
711
113
755
877
23
325
363
468
627
772
406
927
880
261
408
198
920
776
83
41
707
212
562
496
40
301
306
180
133
781
861
108
778
826
651
179
692
196
412
300
83
241
674
335
345
261
397
29
494
386
271
546
349
110
741
481
586
403
379
489
502
344
708
73
135
25
43
941
316
583
645
439
879
520
689
408
971
25
109
620
594
153
751
882
952
178
444
383
35
920
435
375
837
172
721
448
172
559
631
702
752
321
88
565
603
103
220
302
475
734
197
894
170
616
945
860
403
28
94
918
240
105
203
100
841
667
811
290
393
754
730
183
411
493
728
174
461
154
226
287
505
304
353
530
493
533
985
490
652
750
898
925
457
678
112
791
445
743
257
462
818
847
462
442
204
674
155
500
325
257
877
223
826
691
348
403
851
593
675
758
366
509
723
581
382
859
245
101
108
683
571
652
530
60
177
273
65
117
656
644
91
512
386
405
1000
203
504
35
867
129
213
99
863
202
698
776
347
738
349
913
893
833
280
261
612
663
830
396
450
115
208
346
416
624
613
412
904
844
435
40
484
78
80
621
844
133
498
593
742
547
912
565
100
318
258
468
454
375
623
545
860
573
775
479
808
568
702
977
300
889
162
21
496
45
457
557
615
990
356
932
119
290
597
388
766
22
853
740
500
730
978
616
817
56
797
501
761
890
565
30
680
445
703
947
347
244
137
442
600
7
796
238
835
617
819
86
781
96
721
148
380
224
202
506
218
658
472
514
67
670
449
140
354
674
611
852
610
849
324
201
152
701
546
186
896
940
782
501
793
866
789
689
590
911
177
886
542
628
232
999
814
204
127
839
547
872
668
807
300
792
824
636
894
949
996
450
326
665
741
964
392
486
397
784
434
288
272
269
149
252
327
934
901
680
905
817
785
318
977
296
445
108
692
245
690
170
930
527
33
658
629
711
972
382
532
222
434
821
630
631
322
223
322
636
442
688
608
190
731
774
752
265
909
227
908
140
131
951
14
668
880
720
433
825
668
691
491
647
53
584
413
573
763
363
202
911
261
38
275
32
899
186
824
417
9
378
717
817
907
590
368
452
538
848
758
335
810
15
668
619
863
480
28
602
424
293
793
727
307
175
443
997
489
516
66
432
754
838
971
672
64
164
103
857
636
738
625
984
200
97
23
599
577
755
66
765
837
235
250
809
479
697
165
264
427
22
129
652
106
841
412
609
827
459
592
434
743
857
702
132
997
930
655
115
629
693
821
571
253
720
659
114
190
206
641
197
247
506
347
760
674
730
424
674
437
808
44
361
387
886
508
855
247
930
930
831
113
371
329
915
196
712
599
548
933
748
737
650
587
63
213
992
205
342
753
614
127
650
614
279
874
925
533
204
134
143
892
683
646
469
566
186
722
756
340
441
969
286
309
672
993
509
605
93
358
900
315
114
206
976
548
375
335
921
897
898
520
774
423
666
999
534
927
275
375
26
395
795
821
768
214
149
895
912
985
416
880
221
452
516
669
202
573
718
4
700
320
593
682
386
599
959
344
873
442
652
38
543
316
678
88
463
56
21
457
294
587
652
553
174
241
924
567
471
266
989
40
674
35
41
965
390
106
407
218
146
174
53
398
177
365
153
41
788
550
181
185
578
925
699
775
795
724
915
58
561
797
463
283
53
690
395
164
731
204
108
23
833
680
565
193
480
178
477
420
707
786
122
375
174
671
399
115
296
415
335
315
983
852
665
209
320
78
151
425
417
634
919
749
445
30
432
271
421
447
993
578
873
831
535
61
429
353
209
53
287
103
751
568
768
605
829
54
980
34
439
554
855
322
381
380
378
685
358
461
270
29
815
10
674
15
405
827
307
478
878
910
126
878
162
891
621
